1.830668770708143711e-03
-2.102559956256300211e-04
1.386056770570576191e-03
2.038848120719194412e-03
1.605897909030318260e-03
-3.838027478195726871e-04
5.609194049611687660e-04
1.648277277126908302e-03
1.177749130874872208e-03
-6.090607494115829468e-04
-4.194573557469993830e-05
1.754845725372433662e-03
9.274482727050781250e-04
-6.513290572911500931e-04
-5.631621461361646652e-04
2.130634384229779243e-03
7.646223530173301697e-04
-3.897723508998751640e-04
-1.028890721499919891e-03
3.178050508722662926e-03
3.872411325573921204e-04
9.461087174713611603e-04
-1.686835894361138344e-03
6.472550332546234131e-03
5.080228584120050073e-05
5.198688711971044540e-03
-2.852401696145534515e-03
1.913452893495559692e-02
-1.929204678162932396e-03
5.294185131788253784e-03
-7.552850991487503052e-03
-5.862862616777420044e-02
1.097460985183715820e+00
4.401905462145805359e-02
-6.662118714302778244e-03
-1.850688643753528595e-02
-8.683689869940280914e-03
-2.988702245056629181e-02
-7.150555029511451721e-03
-1.345305237919092178e-02
-6.353295873850584030e-03
-1.315419934689998627e-02
-4.984921310096979141e-03
-6.457768846303224564e-03
-4.943880252540111542e-03
-8.044617250561714172e-03
-3.756907302886247635e-03
-3.798091085627675056e-03
-3.792901057749986649e-03
-5.541453603655099869e-03
-3.056525019928812981e-03
-2.268750220537185669e-03
-3.034667344763875008e-03
-4.082280676811933517e-03
-2.547027543187141418e-03
-1.291096908971667290e-03
-2.296198857948184013e-03
-3.138700965791940689e-03
-2.293277531862258911e-03
-6.429024506360292435e-04
-1.681055873632431030e-03
-2.355157397687435150e-03
-2.569191623479127884e-03
-4.270060453563928604e-04
-1.726852962747216225e-03
